>>>> 1bbaA   36    1    1    0  H
         1        16        31        16        31         0
     6.8    -0.9    10.2     5.0     1.0     7.7     2.8    -0.7     9.4     1.4
    -1.0     6.6    -0.9     0.4     5.0    -4.2    -0.1     5.7    -6.7    -1.5
     3.8   -10.3    -1.5     4.5   -11.0    -4.7     3.3   -12.1    -4.5    -0.1
   -13.7    -1.8    -1.5   -14.6     0.7     0.3   -15.9     2.7    -2.6   -14.7
     2.7    -6.2   -11.5     4.3    -5.5   -10.4     3.6    -2.3    -8.7     0.8
    -3.6    -6.8     3.2    -5.8    -5.8     5.3    -2.9    -4.9     2.5    -0.9
    -2.7     1.0    -3.6    -0.9     4.3    -3.7    -0.2     4.0     0.0     1.6
     0.8    -0.3     3.3     1.8    -3.3     4.9     4.4    -1.3     5.6     1.8
     1.2     7.6    -0.5    -1.0     9.4     2.5    -2.3    10.5     3.2     1.1
    11.7    -0.3     2.0    13.2    -1.3    -1.4    15.7     1.0    -2.0    17.7
    -0.4    -3.8    20.5     0.1    -3.2    21.9    -0.5    -6.2
>>>> 1bbaA    1
   1 =    0   0   1   1
>>>> 1bbaA    1
   1 =    0   0  36   1   1  36
-dssp     "LLLLLLLLLLLLLLLHHHHHHHHHHHHHHHHLLLLL
-sequence "APLEPEYPGDNATPEQMAQYAAELRRYINMLTRPRY
-compnd   " MOLECULE: BOVINE PANCREATIC POLYPEPTIDE;                             "
-acc    1  A   1    98       6.800      -0.900      10.200
-acc    2  A   2    36       5.000       1.000       7.700
-acc    3  A   3   160       2.800      -0.700       9.400
-acc    4  A   4   105       1.400      -1.000       6.600
-acc    5  A   5    32      -0.900       0.400       5.000
-acc    6  A   6   149      -4.200      -0.100       5.700
-acc    7  A   7    97      -6.700      -1.500       3.800
-acc    8  A   8    78     -10.300      -1.500       4.500
-acc    9  A   9    35     -11.000      -4.700       3.300
-acc   10  A  10   102     -12.100      -4.500      -0.100
-acc   11  A  11   118     -13.700      -1.800      -1.500
-acc   12  A  12    31     -14.600       0.700       0.300
-acc   13  A  13    87     -15.900       2.700      -2.600
-acc   14  A  14   123     -14.700       2.700      -6.200
-acc   15  A  15   110     -11.500       4.300      -5.500
-acc   16  A  16    84     -10.400       3.600      -2.300
-acc   17  A  17   102      -8.700       0.800      -3.600
-acc   18  A  18    60      -6.800       3.200      -5.800
-acc   19  A  19   153      -5.800       5.300      -2.900
-acc   20  A  20    38      -4.900       2.500      -0.900
-acc   21  A  21    46      -2.700       1.000      -3.600
-acc   22  A  22    58      -0.900       4.300      -3.700
-acc   23  A  23    83      -0.200       4.000       0.000
-acc   24  A  24    80       1.600       0.800      -0.300
-acc   25  A  25   197       3.300       1.800      -3.300
-acc   26  A  26   191       4.900       4.400      -1.300
-acc   27  A  27    41       5.600       1.800       1.200
-acc   28  A  28    88       7.600      -0.500      -1.000
-acc   29  A  29   120       9.400       2.500      -2.300
-acc   30  A  30   129      10.500       3.200       1.100
-acc   31  A  31   120      11.700      -0.300       2.000
-acc   32  A  32    78      13.200      -1.300      -1.400
-acc   33  A  33   178      15.700       1.000      -2.000
-acc   34  A  34    76      17.700      -0.400      -3.800
-acc   35  A  35   188      20.500       0.100      -3.200
-acc   36  A  36   204      21.900      -0.500      -6.200
