>>>> 1pptA   36    1    1    0  H
         1        14        31        14        31         0
     1.5    -9.0    17.3    -1.1   -10.6    15.0    -0.6   -14.2    14.1     0.5
   -14.9    10.5    -2.4   -15.0     8.1    -3.5   -18.2     6.3    -3.1   -18.0
     2.5    -6.6   -18.6     1.0    -5.4   -20.7    -2.0    -4.5   -19.9    -5.6
    -8.1   -20.4    -6.5    -9.6   -18.1    -4.0   -12.0   -15.4    -5.5   -10.3
   -11.9    -5.9   -12.1   -10.6    -2.9   -10.5   -13.2    -0.7    -7.0   -12.4
    -2.1    -7.7    -8.7    -1.4    -8.6    -9.6     2.3    -5.4   -11.8     2.5
    -3.4    -8.9     1.0    -4.7    -6.5     3.7    -4.0    -8.9     6.5    -0.5
    -9.7     5.2     0.1    -5.9     5.1    -0.9    -5.6     8.8     1.4    -8.5
     9.7     4.3    -7.3     7.8     4.1    -3.7     9.3     4.1    -5.4    12.8
     7.0    -7.7    12.2     9.1    -4.9    10.7     8.0    -2.5    13.7     6.8
     0.0    11.1     3.1     0.6    11.9     2.8     3.4     9.3
>>>> 1pptA    1
   1 =    0   0   1   1
>>>> 1pptA    1
   1 =    0   0  36   1   1  36
-dssp     "LLLLLLLLLLLLLHHHHHHHHHHHHHHHHHHLLLLL
-sequence "GPSQPTYPGDDAPVEDLIRFYDNLQQYLNVVTRHRY
-compnd   " MOLECULE: AVIAN PANCREATIC POLYPEPTIDE;                              "
-acc    1  A   1   101       1.500      -9.000      17.300
-acc    2  A   2    60      -1.100     -10.600      15.000
-acc    3  A   3   106      -0.600     -14.200      14.100
-acc    4  A   4   139       0.500     -14.900      10.500
-acc    5  A   5    26      -2.400     -15.000       8.100
-acc    6  A   6   126      -3.500     -18.200       6.300
-acc    7  A   7   121      -3.100     -18.000       2.500
-acc    8  A   8    55      -6.600     -18.600       1.000
-acc    9  A   9    27      -5.400     -20.700      -2.000
-acc   10  A  10   128      -4.500     -19.900      -5.600
-acc   11  A  11   165      -8.100     -20.400      -6.500
-acc   12  A  12    17      -9.600     -18.100      -4.000
-acc   13  A  13    73     -12.000     -15.400      -5.500
-acc   14  A  14   108     -10.300     -11.900      -5.900
-acc   15  A  15   111     -12.100     -10.600      -2.900
-acc   16  A  16    58     -10.500     -13.200      -0.700
-acc   17  A  17    62      -7.000     -12.400      -2.100
-acc   18  A  18    91      -7.700      -8.700      -1.400
-acc   19  A  19   142      -8.600      -9.600       2.300
-acc   20  A  20    39      -5.400     -11.800       2.500
-acc   21  A  21   143      -3.400      -8.900       1.000
-acc   22  A  22    79      -4.700      -6.500       3.700
-acc   23  A  23    97      -4.000      -8.900       6.500
-acc   24  A  24    58      -0.500      -9.700       5.200
-acc   25  A  25    90       0.100      -5.900       5.100
-acc   26  A  26   112      -0.900      -5.600       8.800
-acc   27  A  27    56       1.400      -8.500       9.700
-acc   28  A  28    90       4.300      -7.300       7.800
-acc   29  A  29    33       4.100      -3.700       9.300
-acc   30  A  30    21       4.100      -5.400      12.800
-acc   31  A  31    85       7.000      -7.700      12.200
-acc   32  A  32    91       9.100      -4.900      10.700
-acc   33  A  33   215       8.000      -2.500      13.700
-acc   34  A  34   101       6.800       0.000      11.100
-acc   35  A  35   180       3.100       0.600      11.900
-acc   36  A  36   224       2.800       3.400       9.300
